-3.680177658611261671e-01
-3.680177658611261671e-01
-1.574117287606607157e-02
6.888120130940540431e-01
3.365354201089940100e-01
3.365354201089940100e-01
3.365354201089940100e-01
3.365354201089940100e-01
1.745641792049234420e+00
3.365354201089940100e-01
6.888120130940540431e-01
3.365354201089940100e-01
-1.574117287606607157e-02
3.365354201089940100e-01
1.041088606079114243e+00
1.745641792049234420e+00
6.888120130940540431e-01
6.888120130940540431e-01
-1.777124137801366466e+00
-1.574117287606607157e-02
6.888120130940540431e-01
-1.574117287606607157e-02
6.888120130940540431e-01
-7.202943588461862001e-01
-7.202943588461862001e-01
-1.574117287606607157e-02
-1.574117287606607157e-02
-3.680177658611261671e-01
3.365354201089940100e-01
-1.574117287606607157e-02
-3.680177658611261671e-01
1.041088606079114243e+00
1.041088606079114243e+00
-1.574117287606607157e-02
-1.574117287606607157e-02
-3.680177658611261671e-01
6.888120130940540431e-01
3.365354201089940100e-01
-1.574117287606607157e-02
-1.574117287606607157e-02
-7.202943588461862001e-01
-3.680177658611261671e-01
1.041088606079114243e+00
-7.202943588461862001e-01
-3.680177658611261671e-01
-3.680177658611261671e-01
3.365354201089940100e-01
1.745641792049234420e+00
3.365354201089940100e-01
-1.574117287606607157e-02
3.365354201089940100e-01
1.393365199064174220e+00
-1.072570951831246289e+00
-1.574117287606607157e-02
3.365354201089940100e-01
-1.574117287606607157e-02
1.041088606079114243e+00
1.393365199064174220e+00
6.888120130940540431e-01
1.393365199064174220e+00
1.393365199064174220e+00
1.393365199064174220e+00
-7.202943588461862001e-01
3.365354201089940100e-01
-1.574117287606607157e-02
1.393365199064174220e+00
-1.574117287606607157e-02
-7.202943588461862001e-01
-3.680177658611261671e-01
1.041088606079114243e+00
-3.680177658611261671e-01
-7.202943588461862001e-01
-3.680177658611261671e-01
6.888120130940540431e-01
-3.680177658611261671e-01
-3.680177658611261671e-01
-3.680177658611261671e-01
3.365354201089940100e-01
-7.202943588461862001e-01
-3.680177658611261671e-01
-1.574117287606607157e-02
-1.072570951831246289e+00
-3.680177658611261671e-01
3.365354201089940100e-01
-1.574117287606607157e-02
-1.574117287606607157e-02
-3.680177658611261671e-01
1.041088606079114243e+00
-3.680177658611261671e-01
-7.202943588461862001e-01
-3.680177658611261671e-01
3.365354201089940100e-01
-1.574117287606607157e-02
6.888120130940540431e-01
-1.574117287606607157e-02
3.365354201089940100e-01
-3.680177658611261671e-01
-1.574117287606607157e-02
3.365354201089940100e-01
3.365354201089940100e-01
-1.424847544816306488e+00
1.393365199064174220e+00
-1.574117287606607157e-02
-7.202943588461862001e-01
1.393365199064174220e+00
-7.202943588461862001e-01
-7.202943588461862001e-01
6.888120130940540431e-01
-3.680177658611261671e-01
6.888120130940540431e-01
6.888120130940540431e-01
-3.680177658611261671e-01
-7.202943588461862001e-01
2.097918385034294619e+00
-7.202943588461862001e-01
6.888120130940540431e-01
1.393365199064174220e+00
1.041088606079114243e+00
-3.680177658611261671e-01
6.888120130940540431e-01
6.888120130940540431e-01
3.365354201089940100e-01
3.365354201089940100e-01
3.365354201089940100e-01
-3.680177658611261671e-01
-1.072570951831246289e+00
-3.680177658611261671e-01
-3.680177658611261671e-01
1.041088606079114243e+00
3.365354201089940100e-01
-1.574117287606607157e-02
-1.424847544816306488e+00
-3.680177658611261671e-01
3.365354201089940100e-01
-1.574117287606607157e-02
6.888120130940540431e-01
-3.680177658611261671e-01
-3.680177658611261671e-01
-3.680177658611261671e-01
1.041088606079114243e+00
-7.202943588461862001e-01
3.365354201089940100e-01
-1.574117287606607157e-02
-3.680177658611261671e-01
-3.680177658611261671e-01
-7.202943588461862001e-01
-7.202943588461862001e-01
6.888120130940540431e-01
-1.072570951831246289e+00
-3.680177658611261671e-01
-1.072570951831246289e+00
3.365354201089940100e-01
-3.680177658611261671e-01
3.365354201089940100e-01
-3.680177658611261671e-01
-2.129400730786426443e+00
-1.574117287606607157e-02
-7.202943588461862001e-01
-3.680177658611261671e-01
3.365354201089940100e-01
-3.680177658611261671e-01
-1.424847544816306488e+00
-3.680177658611261671e-01
-7.202943588461862001e-01
-7.202943588461862001e-01
3.365354201089940100e-01
-3.680177658611261671e-01
3.365354201089940100e-01
-1.424847544816306488e+00
-7.202943588461862001e-01
-3.680177658611261671e-01
-3.680177658611261671e-01
-7.202943588461862001e-01
-7.202943588461862001e-01
-1.072570951831246289e+00
-1.424847544816306488e+00
-7.202943588461862001e-01
-1.424847544816306488e+00
-1.424847544816306488e+00
-1.424847544816306488e+00
-3.680177658611261671e-01
2.097918385034294619e+00
3.365354201089940100e-01
1.745641792049234420e+00
-7.202943588461862001e-01
2.097918385034294619e+00
-7.202943588461862001e-01
3.365354201089940100e-01
1.041088606079114243e+00
-3.680177658611261671e-01
6.888120130940540431e-01
-7.202943588461862001e-01
-3.680177658611261671e-01
3.365354201089940100e-01
-3.680177658611261671e-01
3.365354201089940100e-01
1.745641792049234420e+00
6.888120130940540431e-01
1.393365199064174220e+00
6.888120130940540431e-01
-3.680177658611261671e-01
1.393365199064174220e+00
6.888120130940540431e-01
-7.202943588461862001e-01
3.365354201089940100e-01
-1.574117287606607157e-02
-1.574117287606607157e-02
-7.202943588461862001e-01
-1.574117287606607157e-02
1.393365199064174220e+00
6.888120130940540431e-01
-1.574117287606607157e-02
1.393365199064174220e+00
-3.680177658611261671e-01
1.041088606079114243e+00
-1.574117287606607157e-02
1.041088606079114243e+00
3.365354201089940100e-01
3.365354201089940100e-01
-1.424847544816306488e+00
-1.574117287606607157e-02
1.041088606079114243e+00
3.365354201089940100e-01
-1.574117287606607157e-02
-1.574117287606607157e-02
-1.574117287606607157e-02
3.365354201089940100e-01
-3.680177658611261671e-01
-3.680177658611261671e-01
1.041088606079114243e+00
-7.202943588461862001e-01
-7.202943588461862001e-01
3.365354201089940100e-01
3.365354201089940100e-01
-3.680177658611261671e-01
-1.574117287606607157e-02
6.888120130940540431e-01
-7.202943588461862001e-01
1.393365199064174220e+00
-1.424847544816306488e+00
1.745641792049234420e+00
-3.680177658611261671e-01
-3.680177658611261671e-01
1.393365199064174220e+00
-1.574117287606607157e-02
3.365354201089940100e-01
3.365354201089940100e-01
6.888120130940540431e-01
-1.072570951831246289e+00
-1.574117287606607157e-02
1.393365199064174220e+00
-7.202943588461862001e-01
3.365354201089940100e-01
-7.202943588461862001e-01
-7.202943588461862001e-01
-1.777124137801366466e+00
-1.424847544816306488e+00
-1.072570951831246289e+00
1.041088606079114243e+00
-7.202943588461862001e-01
-3.680177658611261671e-01
3.365354201089940100e-01
-1.424847544816306488e+00
-1.424847544816306488e+00
-7.202943588461862001e-01
1.041088606079114243e+00
6.888120130940540431e-01
1.041088606079114243e+00
-1.574117287606607157e-02
1.041088606079114243e+00
1.041088606079114243e+00
-1.574117287606607157e-02
1.041088606079114243e+00
-3.680177658611261671e-01
-7.202943588461862001e-01
-3.680177658611261671e-01
1.393365199064174220e+00
-3.680177658611261671e-01
3.365354201089940100e-01
-2.481677323771486421e+00
-7.202943588461862001e-01
-3.680177658611261671e-01
-1.777124137801366466e+00
-7.202943588461862001e-01
-2.129400730786426443e+00
-1.574117287606607157e-02
3.365354201089940100e-01
-7.202943588461862001e-01
3.365354201089940100e-01
1.745641792049234420e+00
-3.680177658611261671e-01
-3.680177658611261671e-01
6.888120130940540431e-01
6.888120130940540431e-01
3.365354201089940100e-01
6.888120130940540431e-01
1.393365199064174220e+00
-7.202943588461862001e-01
-1.574117287606607157e-02
-1.574117287606607157e-02
1.041088606079114243e+00
-3.680177658611261671e-01
-1.574117287606607157e-02
3.365354201089940100e-01
3.365354201089940100e-01
-1.072570951831246289e+00
1.393365199064174220e+00
6.888120130940540431e-01
-1.574117287606607157e-02
6.888120130940540431e-01
-7.202943588461862001e-01
-1.574117287606607157e-02
1.393365199064174220e+00
3.365354201089940100e-01
2.097918385034294619e+00
1.041088606079114243e+00
1.393365199064174220e+00
-1.574117287606607157e-02
-7.202943588461862001e-01
-1.574117287606607157e-02
3.365354201089940100e-01
1.041088606079114243e+00
-7.202943588461862001e-01
-7.202943588461862001e-01
-3.680177658611261671e-01
-7.202943588461862001e-01
3.365354201089940100e-01
2.097918385034294619e+00
3.365354201089940100e-01
6.888120130940540431e-01
6.888120130940540431e-01
-1.574117287606607157e-02
2.097918385034294619e+00
6.888120130940540431e-01
1.041088606079114243e+00
1.745641792049234420e+00
1.393365199064174220e+00
2.097918385034294619e+00
2.450194978019354597e+00
1.041088606079114243e+00
1.041088606079114243e+00
3.365354201089940100e-01
6.888120130940540431e-01
1.745641792049234420e+00
1.745641792049234420e+00
1.041088606079114243e+00
3.365354201089940100e-01
-1.424847544816306488e+00
1.393365199064174220e+00
2.097918385034294619e+00
-3.680177658611261671e-01
1.041088606079114243e+00
-3.680177658611261671e-01
-3.680177658611261671e-01
1.041088606079114243e+00
6.888120130940540431e-01
1.745641792049234420e+00
1.745641792049234420e+00
1.041088606079114243e+00
1.745641792049234420e+00
6.888120130940540431e-01
-7.202943588461862001e-01
3.365354201089940100e-01
6.888120130940540431e-01
1.745641792049234420e+00
1.745641792049234420e+00
3.365354201089940100e-01
6.888120130940540431e-01
-3.680177658611261671e-01
-3.680177658611261671e-01
-1.072570951831246289e+00
-7.202943588461862001e-01
3.365354201089940100e-01
-7.202943588461862001e-01
1.745641792049234420e+00
1.041088606079114243e+00
6.888120130940540431e-01
3.365354201089940100e-01
1.745641792049234420e+00
-7.202943588461862001e-01
3.365354201089940100e-01
1.041088606079114243e+00
-3.680177658611261671e-01
-1.574117287606607157e-02
-7.202943588461862001e-01
-7.202943588461862001e-01
1.041088606079114243e+00
1.041088606079114243e+00
-1.574117287606607157e-02
-1.574117287606607157e-02
6.888120130940540431e-01
6.888120130940540431e-01
1.041088606079114243e+00
1.041088606079114243e+00
1.393365199064174220e+00
3.365354201089940100e-01
1.745641792049234420e+00
6.888120130940540431e-01
6.888120130940540431e-01
1.745641792049234420e+00
1.745641792049234420e+00
6.888120130940540431e-01
3.365354201089940100e-01
1.041088606079114243e+00
1.393365199064174220e+00
-3.680177658611261671e-01
3.365354201089940100e-01
-1.574117287606607157e-02
-1.574117287606607157e-02
1.041088606079114243e+00
1.745641792049234420e+00
1.041088606079114243e+00
1.745641792049234420e+00
-7.202943588461862001e-01
1.041088606079114243e+00
-3.680177658611261671e-01
2.097918385034294619e+00
1.745641792049234420e+00
6.888120130940540431e-01
-3.680177658611261671e-01
1.745641792049234420e+00
-7.202943588461862001e-01
3.365354201089940100e-01
-3.680177658611261671e-01
-1.574117287606607157e-02
-7.202943588461862001e-01
-3.680177658611261671e-01
1.745641792049234420e+00
-1.072570951831246289e+00
-3.680177658611261671e-01
-3.680177658611261671e-01
-7.202943588461862001e-01
-1.777124137801366466e+00
6.888120130940540431e-01
-3.680177658611261671e-01
-7.202943588461862001e-01
-1.424847544816306488e+00
-1.574117287606607157e-02
-1.574117287606607157e-02
1.393365199064174220e+00
-2.833953916756546842e+00
-1.072570951831246289e+00
6.888120130940540431e-01
-1.424847544816306488e+00
-3.680177658611261671e-01
-1.072570951831246289e+00
-3.680177658611261671e-01
-1.072570951831246289e+00
1.745641792049234420e+00
3.365354201089940100e-01
1.041088606079114243e+00
-3.680177658611261671e-01
-3.680177658611261671e-01
-1.424847544816306488e+00
-1.424847544816306488e+00
-1.072570951831246289e+00
1.041088606079114243e+00
-3.680177658611261671e-01
3.365354201089940100e-01
-7.202943588461862001e-01
-3.680177658611261671e-01
6.888120130940540431e-01
6.888120130940540431e-01
-1.574117287606607157e-02
-3.680177658611261671e-01
-1.424847544816306488e+00
-3.680177658611261671e-01
6.888120130940540431e-01
3.365354201089940100e-01
3.365354201089940100e-01
-1.574117287606607157e-02
-1.574117287606607157e-02
1.393365199064174220e+00
-7.202943588461862001e-01
-3.680177658611261671e-01
6.888120130940540431e-01
-1.424847544816306488e+00
-3.680177658611261671e-01
-1.424847544816306488e+00
-7.202943588461862001e-01
-7.202943588461862001e-01
-3.680177658611261671e-01
-1.072570951831246289e+00
-3.680177658611261671e-01
-1.424847544816306488e+00
-3.680177658611261671e-01
-7.202943588461862001e-01
-7.202943588461862001e-01
-1.072570951831246289e+00
-7.202943588461862001e-01
-7.202943588461862001e-01
-1.072570951831246289e+00
-7.202943588461862001e-01
-7.202943588461862001e-01
-1.072570951831246289e+00
3.365354201089940100e-01
6.888120130940540431e-01
-7.202943588461862001e-01
6.888120130940540431e-01
1.393365199064174220e+00
-1.777124137801366466e+00
3.365354201089940100e-01
-1.072570951831246289e+00
6.888120130940540431e-01
3.365354201089940100e-01
-3.680177658611261671e-01
-7.202943588461862001e-01
-7.202943588461862001e-01
-1.072570951831246289e+00
2.097918385034294619e+00
1.745641792049234420e+00
-7.202943588461862001e-01
-1.777124137801366466e+00
-1.424847544816306488e+00
-1.777124137801366466e+00
-7.202943588461862001e-01
1.393365199064174220e+00
1.041088606079114243e+00
-1.424847544816306488e+00
-1.424847544816306488e+00
-1.424847544816306488e+00
-7.202943588461862001e-01
-1.424847544816306488e+00
-2.129400730786426443e+00
-1.424847544816306488e+00
1.393365199064174220e+00
6.888120130940540431e-01
-7.202943588461862001e-01
-1.072570951831246289e+00
-3.680177658611261671e-01
-1.072570951831246289e+00
-7.202943588461862001e-01
-1.424847544816306488e+00
1.393365199064174220e+00
-1.574117287606607157e-02
-7.202943588461862001e-01
6.888120130940540431e-01
-1.574117287606607157e-02
-3.680177658611261671e-01
-7.202943588461862001e-01
-3.680177658611261671e-01
-3.680177658611261671e-01
-1.574117287606607157e-02
-1.424847544816306488e+00
-1.574117287606607157e-02
-1.424847544816306488e+00
1.393365199064174220e+00
-3.680177658611261671e-01
-3.680177658611261671e-01
2.097918385034294619e+00
3.365354201089940100e-01
3.365354201089940100e-01
-7.202943588461862001e-01
-1.574117287606607157e-02
-7.202943588461862001e-01
3.365354201089940100e-01
-3.680177658611261671e-01
-7.202943588461862001e-01
-7.202943588461862001e-01
3.365354201089940100e-01
-7.202943588461862001e-01
-7.202943588461862001e-01
-1.574117287606607157e-02
-2.833953916756546842e+00
-7.202943588461862001e-01
-1.072570951831246289e+00
-1.072570951831246289e+00
-3.538507102726666798e+00
-1.072570951831246289e+00
-1.424847544816306488e+00
-1.424847544816306488e+00
-1.072570951831246289e+00
-1.777124137801366466e+00
-7.202943588461862001e-01
-7.202943588461862001e-01
-7.202943588461862001e-01
-3.680177658611261671e-01
-3.680177658611261671e-01
-7.202943588461862001e-01
-1.072570951831246289e+00
-7.202943588461862001e-01
-1.424847544816306488e+00
-1.777124137801366466e+00
-1.777124137801366466e+00
-3.680177658611261671e-01
-1.424847544816306488e+00
-1.424847544816306488e+00
-1.424847544816306488e+00
-1.072570951831246289e+00
-7.202943588461862001e-01
-1.777124137801366466e+00
6.888120130940540431e-01
3.365354201089940100e-01
6.888120130940540431e-01
2.097918385034294619e+00
1.745641792049234420e+00
2.097918385034294619e+00
-2.833953916756546842e+00
-3.680177658611261671e-01
6.888120130940540431e-01
6.888120130940540431e-01
-7.202943588461862001e-01
3.365354201089940100e-01
-3.538507102726666798e+00
-7.202943588461862001e-01
-3.538507102726666798e+00
2.097918385034294619e+00
-1.574117287606607157e-02
-3.680177658611261671e-01
-1.574117287606607157e-02
-2.833953916756546842e+00
1.041088606079114243e+00
-3.680177658611261671e-01
-7.202943588461862001e-01
-1.574117287606607157e-02
1.041088606079114243e+00
6.888120130940540431e-01
2.097918385034294619e+00
1.041088606079114243e+00
3.365354201089940100e-01
1.041088606079114243e+00
3.365354201089940100e-01
-1.072570951831246289e+00
1.393365199064174220e+00
-1.072570951831246289e+00
-7.202943588461862001e-01
-2.129400730786426443e+00
-7.202943588461862001e-01
-1.574117287606607157e-02
-1.072570951831246289e+00
1.745641792049234420e+00
-1.574117287606607157e-02
-1.072570951831246289e+00
6.888120130940540431e-01
1.393365199064174220e+00
-1.072570951831246289e+00
2.450194978019354597e+00
-1.777124137801366466e+00
1.393365199064174220e+00
-2.129400730786426443e+00
-1.777124137801366466e+00
1.041088606079114243e+00
-3.680177658611261671e-01
-7.202943588461862001e-01
-7.202943588461862001e-01
1.393365199064174220e+00
-1.072570951831246289e+00
-7.202943588461862001e-01
-3.680177658611261671e-01
