-2.806575471221639528e-01
-2.806575471221639528e-01
2.911583397015646280e-02
6.486625961547972663e-01
3.388892150624768784e-01
3.388892150624768784e-01
3.388892150624768784e-01
3.388892150624768784e-01
1.577982739431758707e+00
3.388892150624768784e-01
6.486625961547972663e-01
3.388892150624768784e-01
2.911583397015646280e-02
3.388892150624768784e-01
9.584359772471177097e-01
1.577982739431758707e+00
6.486625961547972663e-01
6.486625961547972663e-01
-1.519751071491445726e+00
2.911583397015646280e-02
6.486625961547972663e-01
2.911583397015646280e-02
6.486625961547972663e-01
-5.904309282144843962e-01
-5.904309282144843962e-01
2.911583397015646280e-02
2.911583397015646280e-02
-2.806575471221639528e-01
3.388892150624768784e-01
2.911583397015646280e-02
-2.806575471221639528e-01
9.584359772471177097e-01
9.584359772471177097e-01
2.911583397015646280e-02
2.911583397015646280e-02
-2.806575471221639528e-01
6.486625961547972663e-01
3.388892150624768784e-01
2.911583397015646280e-02
2.911583397015646280e-02
-5.904309282144843962e-01
-2.806575471221639528e-01
9.584359772471177097e-01
-5.904309282144843962e-01
-2.806575471221639528e-01
-2.806575471221639528e-01
3.388892150624768784e-01
1.577982739431758707e+00
3.388892150624768784e-01
2.911583397015646280e-02
3.388892150624768784e-01
1.268209358339438264e+00
-9.002043093068048396e-01
2.911583397015646280e-02
3.388892150624768784e-01
2.911583397015646280e-02
9.584359772471177097e-01
1.268209358339438264e+00
6.486625961547972663e-01
1.268209358339438264e+00
1.268209358339438264e+00
1.268209358339438264e+00
-5.904309282144843962e-01
3.388892150624768784e-01
2.911583397015646280e-02
1.268209358339438264e+00
2.911583397015646280e-02
-5.904309282144843962e-01
-2.806575471221639528e-01
9.584359772471177097e-01
-2.806575471221639528e-01
-5.904309282144843962e-01
-2.806575471221639528e-01
6.486625961547972663e-01
-2.806575471221639528e-01
-2.806575471221639528e-01
-2.806575471221639528e-01
3.388892150624768784e-01
-5.904309282144843962e-01
-2.806575471221639528e-01
2.911583397015646280e-02
-9.002043093068048396e-01
-2.806575471221639528e-01
3.388892150624768784e-01
2.911583397015646280e-02
2.911583397015646280e-02
-2.806575471221639528e-01
9.584359772471177097e-01
-2.806575471221639528e-01
-5.904309282144843962e-01
-2.806575471221639528e-01
3.388892150624768784e-01
2.911583397015646280e-02
6.486625961547972663e-01
2.911583397015646280e-02
3.388892150624768784e-01
-2.806575471221639528e-01
2.911583397015646280e-02
3.388892150624768784e-01
3.388892150624768784e-01
-1.209977690399125283e+00
1.268209358339438264e+00
2.911583397015646280e-02
-5.904309282144843962e-01
1.268209358339438264e+00
-5.904309282144843962e-01
-5.904309282144843962e-01
6.486625961547972663e-01
-2.806575471221639528e-01
6.486625961547972663e-01
6.486625961547972663e-01
-2.806575471221639528e-01
-5.904309282144843962e-01
1.887756120524078929e+00
-5.904309282144843962e-01
6.486625961547972663e-01
1.268209358339438264e+00
9.584359772471177097e-01
-2.806575471221639528e-01
6.486625961547972663e-01
6.486625961547972663e-01
3.388892150624768784e-01
3.388892150624768784e-01
3.388892150624768784e-01
-2.806575471221639528e-01
-9.002043093068048396e-01
-2.806575471221639528e-01
-2.806575471221639528e-01
9.584359772471177097e-01
3.388892150624768784e-01
2.911583397015646280e-02
-1.209977690399125283e+00
-2.806575471221639528e-01
3.388892150624768784e-01
2.911583397015646280e-02
6.486625961547972663e-01
-2.806575471221639528e-01
-2.806575471221639528e-01
-2.806575471221639528e-01
9.584359772471177097e-01
-5.904309282144843962e-01
3.388892150624768784e-01
2.911583397015646280e-02
-2.806575471221639528e-01
-2.806575471221639528e-01
-5.904309282144843962e-01
-5.904309282144843962e-01
6.486625961547972663e-01
-9.002043093068048396e-01
-2.806575471221639528e-01
-9.002043093068048396e-01
3.388892150624768784e-01
-2.806575471221639528e-01
3.388892150624768784e-01
-2.806575471221639528e-01
-1.829524452583766170e+00
2.911583397015646280e-02
-5.904309282144843962e-01
-2.806575471221639528e-01
3.388892150624768784e-01
-2.806575471221639528e-01
-1.209977690399125283e+00
-2.806575471221639528e-01
-3.688164739137688830e+00
-5.904309282144843962e-01
3.388892150624768784e-01
-2.806575471221639528e-01
3.388892150624768784e-01
-1.209977690399125283e+00
-5.904309282144843962e-01
-2.806575471221639528e-01
-2.806575471221639528e-01
-3.378391358045368165e+00
-5.904309282144843962e-01
-9.002043093068048396e-01
-1.209977690399125283e+00
-5.904309282144843962e-01
-1.209977690399125283e+00
-1.209977690399125283e+00
-1.209977690399125283e+00
-2.806575471221639528e-01
1.887756120524078929e+00
3.388892150624768784e-01
1.577982739431758707e+00
-5.904309282144843962e-01
1.887756120524078929e+00
-5.904309282144843962e-01
3.388892150624768784e-01
9.584359772471177097e-01
-2.806575471221639528e-01
6.486625961547972663e-01
-5.904309282144843962e-01
-2.806575471221639528e-01
3.388892150624768784e-01
-2.806575471221639528e-01
3.388892150624768784e-01
1.577982739431758707e+00
6.486625961547972663e-01
1.268209358339438264e+00
6.486625961547972663e-01
-2.806575471221639528e-01
1.268209358339438264e+00
6.486625961547972663e-01
-5.904309282144843962e-01
3.388892150624768784e-01
2.911583397015646280e-02
2.911583397015646280e-02
-5.904309282144843962e-01
2.911583397015646280e-02
1.268209358339438264e+00
6.486625961547972663e-01
2.911583397015646280e-02
1.268209358339438264e+00
-2.806575471221639528e-01
9.584359772471177097e-01
2.911583397015646280e-02
9.584359772471177097e-01
3.388892150624768784e-01
3.388892150624768784e-01
-1.209977690399125283e+00
2.911583397015646280e-02
9.584359772471177097e-01
3.388892150624768784e-01
2.911583397015646280e-02
2.911583397015646280e-02
2.911583397015646280e-02
3.388892150624768784e-01
-2.806575471221639528e-01
-2.806575471221639528e-01
9.584359772471177097e-01
-5.904309282144843962e-01
-5.904309282144843962e-01
3.388892150624768784e-01
3.388892150624768784e-01
-2.806575471221639528e-01
2.911583397015646280e-02
6.486625961547972663e-01
-5.904309282144843962e-01
1.268209358339438264e+00
-1.209977690399125283e+00
1.577982739431758707e+00
-2.806575471221639528e-01
-2.806575471221639528e-01
1.268209358339438264e+00
2.911583397015646280e-02
3.388892150624768784e-01
3.388892150624768784e-01
6.486625961547972663e-01
-9.002043093068048396e-01
2.911583397015646280e-02
1.268209358339438264e+00
-5.904309282144843962e-01
3.388892150624768784e-01
-5.904309282144843962e-01
-5.904309282144843962e-01
-1.519751071491445726e+00
-1.209977690399125283e+00
-9.002043093068048396e-01
9.584359772471177097e-01
-5.904309282144843962e-01
-2.806575471221639528e-01
3.388892150624768784e-01
-1.209977690399125283e+00
-1.209977690399125283e+00
-5.904309282144843962e-01
9.584359772471177097e-01
6.486625961547972663e-01
9.584359772471177097e-01
2.911583397015646280e-02
9.584359772471177097e-01
9.584359772471177097e-01
2.911583397015646280e-02
9.584359772471177097e-01
-2.806575471221639528e-01
-5.904309282144843962e-01
-2.806575471221639528e-01
1.268209358339438264e+00
-2.806575471221639528e-01
3.388892150624768784e-01
-2.139297833676086391e+00
-5.904309282144843962e-01
-2.806575471221639528e-01
-1.519751071491445726e+00
-5.904309282144843962e-01
-1.829524452583766170e+00
2.911583397015646280e-02
3.388892150624768784e-01
-5.904309282144843962e-01
3.388892150624768784e-01
1.577982739431758707e+00
-2.806575471221639528e-01
-2.806575471221639528e-01
6.486625961547972663e-01
6.486625961547972663e-01
3.388892150624768784e-01
6.486625961547972663e-01
1.268209358339438264e+00
-5.904309282144843962e-01
2.911583397015646280e-02
2.911583397015646280e-02
9.584359772471177097e-01
-2.806575471221639528e-01
2.911583397015646280e-02
3.388892150624768784e-01
3.388892150624768784e-01
-9.002043093068048396e-01
1.268209358339438264e+00
6.486625961547972663e-01
2.911583397015646280e-02
6.486625961547972663e-01
-5.904309282144843962e-01
2.911583397015646280e-02
1.268209358339438264e+00
3.388892150624768784e-01
1.887756120524078929e+00
9.584359772471177097e-01
1.268209358339438264e+00
2.911583397015646280e-02
-5.904309282144843962e-01
2.911583397015646280e-02
3.388892150624768784e-01
9.584359772471177097e-01
-5.904309282144843962e-01
-5.904309282144843962e-01
-2.806575471221639528e-01
-5.904309282144843962e-01
3.388892150624768784e-01
1.887756120524078929e+00
3.388892150624768784e-01
6.486625961547972663e-01
6.486625961547972663e-01
2.911583397015646280e-02
1.887756120524078929e+00
6.486625961547972663e-01
9.584359772471177097e-01
1.577982739431758707e+00
1.268209358339438264e+00
1.887756120524078929e+00
2.197529501616399372e+00
9.584359772471177097e-01
9.584359772471177097e-01
3.388892150624768784e-01
6.486625961547972663e-01
1.577982739431758707e+00
1.577982739431758707e+00
9.584359772471177097e-01
3.388892150624768784e-01
-1.209977690399125283e+00
1.268209358339438264e+00
1.887756120524078929e+00
-2.806575471221639528e-01
9.584359772471177097e-01
-2.806575471221639528e-01
-2.806575471221639528e-01
9.584359772471177097e-01
6.486625961547972663e-01
1.577982739431758707e+00
1.577982739431758707e+00
9.584359772471177097e-01
1.577982739431758707e+00
6.486625961547972663e-01
-5.904309282144843962e-01
3.388892150624768784e-01
6.486625961547972663e-01
1.577982739431758707e+00
1.577982739431758707e+00
3.388892150624768784e-01
6.486625961547972663e-01
-2.806575471221639528e-01
-2.806575471221639528e-01
-9.002043093068048396e-01
-5.904309282144843962e-01
3.388892150624768784e-01
-5.904309282144843962e-01
1.577982739431758707e+00
9.584359772471177097e-01
6.486625961547972663e-01
3.388892150624768784e-01
1.577982739431758707e+00
-5.904309282144843962e-01
3.388892150624768784e-01
9.584359772471177097e-01
-2.806575471221639528e-01
2.911583397015646280e-02
-5.904309282144843962e-01
-5.904309282144843962e-01
9.584359772471177097e-01
9.584359772471177097e-01
2.911583397015646280e-02
2.911583397015646280e-02
6.486625961547972663e-01
6.486625961547972663e-01
9.584359772471177097e-01
9.584359772471177097e-01
1.268209358339438264e+00
3.388892150624768784e-01
1.577982739431758707e+00
6.486625961547972663e-01
6.486625961547972663e-01
1.577982739431758707e+00
1.577982739431758707e+00
6.486625961547972663e-01
3.388892150624768784e-01
9.584359772471177097e-01
1.268209358339438264e+00
-2.806575471221639528e-01
3.388892150624768784e-01
2.911583397015646280e-02
2.911583397015646280e-02
9.584359772471177097e-01
1.577982739431758707e+00
9.584359772471177097e-01
1.577982739431758707e+00
-5.904309282144843962e-01
9.584359772471177097e-01
-2.806575471221639528e-01
1.887756120524078929e+00
1.577982739431758707e+00
6.486625961547972663e-01
-2.806575471221639528e-01
1.577982739431758707e+00
-5.904309282144843962e-01
3.388892150624768784e-01
-2.806575471221639528e-01
2.911583397015646280e-02
-5.904309282144843962e-01
-2.806575471221639528e-01
1.577982739431758707e+00
-9.002043093068048396e-01
-2.806575471221639528e-01
-2.806575471221639528e-01
-5.904309282144843962e-01
-1.519751071491445726e+00
6.486625961547972663e-01
-2.806575471221639528e-01
-5.904309282144843962e-01
-1.209977690399125283e+00
2.911583397015646280e-02
2.911583397015646280e-02
1.268209358339438264e+00
-3.688164739137688830e+00
-9.002043093068048396e-01
6.486625961547972663e-01
-1.209977690399125283e+00
-2.806575471221639528e-01
-9.002043093068048396e-01
-2.806575471221639528e-01
-9.002043093068048396e-01
1.577982739431758707e+00
3.388892150624768784e-01
9.584359772471177097e-01
-2.806575471221639528e-01
-2.806575471221639528e-01
-1.209977690399125283e+00
-1.209977690399125283e+00
-9.002043093068048396e-01
9.584359772471177097e-01
-2.806575471221639528e-01
3.388892150624768784e-01
-5.904309282144843962e-01
-2.806575471221639528e-01
6.486625961547972663e-01
6.486625961547972663e-01
2.911583397015646280e-02
-2.806575471221639528e-01
-1.209977690399125283e+00
-2.806575471221639528e-01
6.486625961547972663e-01
3.388892150624768784e-01
3.388892150624768784e-01
2.911583397015646280e-02
2.911583397015646280e-02
1.268209358339438264e+00
-5.904309282144843962e-01
-2.806575471221639528e-01
6.486625961547972663e-01
-1.209977690399125283e+00
-2.806575471221639528e-01
-1.209977690399125283e+00
-5.904309282144843962e-01
-5.904309282144843962e-01
-2.806575471221639528e-01
-9.002043093068048396e-01
-2.806575471221639528e-01
-1.209977690399125283e+00
-2.806575471221639528e-01
-5.904309282144843962e-01
-5.904309282144843962e-01
-9.002043093068048396e-01
-5.904309282144843962e-01
-5.904309282144843962e-01
-9.002043093068048396e-01
-5.904309282144843962e-01
-5.904309282144843962e-01
-9.002043093068048396e-01
3.388892150624768784e-01
6.486625961547972663e-01
-5.904309282144843962e-01
6.486625961547972663e-01
1.268209358339438264e+00
-1.519751071491445726e+00
3.388892150624768784e-01
-9.002043093068048396e-01
6.486625961547972663e-01
3.388892150624768784e-01
-2.806575471221639528e-01
-5.904309282144843962e-01
-5.904309282144843962e-01
-9.002043093068048396e-01
1.887756120524078929e+00
1.577982739431758707e+00
-5.904309282144843962e-01
-1.519751071491445726e+00
-1.209977690399125283e+00
-1.519751071491445726e+00
-5.904309282144843962e-01
1.268209358339438264e+00
9.584359772471177097e-01
-1.209977690399125283e+00
-3.688164739137688830e+00
-1.209977690399125283e+00
-5.904309282144843962e-01
-1.209977690399125283e+00
-1.829524452583766170e+00
-1.209977690399125283e+00
1.268209358339438264e+00
6.486625961547972663e-01
-5.904309282144843962e-01
-9.002043093068048396e-01
-2.806575471221639528e-01
-9.002043093068048396e-01
-5.904309282144843962e-01
-1.209977690399125283e+00
1.268209358339438264e+00
2.911583397015646280e-02
-5.904309282144843962e-01
6.486625961547972663e-01
2.911583397015646280e-02
-2.806575471221639528e-01
-5.904309282144843962e-01
-2.806575471221639528e-01
-2.806575471221639528e-01
2.911583397015646280e-02
-1.209977690399125283e+00
2.911583397015646280e-02
-1.209977690399125283e+00
1.268209358339438264e+00
-2.806575471221639528e-01
-2.806575471221639528e-01
1.887756120524078929e+00
3.388892150624768784e-01
3.388892150624768784e-01
-5.904309282144843962e-01
2.911583397015646280e-02
-5.904309282144843962e-01
3.388892150624768784e-01
-2.806575471221639528e-01
-5.904309282144843962e-01
-5.904309282144843962e-01
3.388892150624768784e-01
-5.904309282144843962e-01
-5.904309282144843962e-01
2.911583397015646280e-02
-3.688164739137688830e+00
-5.904309282144843962e-01
-9.002043093068048396e-01
-9.002043093068048396e-01
-3.688164739137688830e+00
-9.002043093068048396e-01
-1.209977690399125283e+00
-1.209977690399125283e+00
-9.002043093068048396e-01
-1.519751071491445726e+00
-5.904309282144843962e-01
-5.904309282144843962e-01
-5.904309282144843962e-01
-2.806575471221639528e-01
-2.806575471221639528e-01
-5.904309282144843962e-01
-9.002043093068048396e-01
-5.904309282144843962e-01
-1.209977690399125283e+00
-1.519751071491445726e+00
-3.688164739137688830e+00
-2.806575471221639528e-01
-1.209977690399125283e+00
-3.688164739137688830e+00
-1.209977690399125283e+00
-9.002043093068048396e-01
-5.904309282144843962e-01
-1.519751071491445726e+00
6.486625961547972663e-01
3.388892150624768784e-01
6.486625961547972663e-01
1.887756120524078929e+00
1.577982739431758707e+00
1.887756120524078929e+00
-3.688164739137688830e+00
-2.806575471221639528e-01
6.486625961547972663e-01
6.486625961547972663e-01
-5.904309282144843962e-01
3.388892150624768784e-01
-3.688164739137688830e+00
-5.904309282144843962e-01
-3.688164739137688830e+00
1.887756120524078929e+00
2.911583397015646280e-02
-2.806575471221639528e-01
2.911583397015646280e-02
-3.688164739137688830e+00
9.584359772471177097e-01
-2.806575471221639528e-01
-5.904309282144843962e-01
2.911583397015646280e-02
9.584359772471177097e-01
6.486625961547972663e-01
1.887756120524078929e+00
9.584359772471177097e-01
3.388892150624768784e-01
9.584359772471177097e-01
3.388892150624768784e-01
-9.002043093068048396e-01
1.268209358339438264e+00
-9.002043093068048396e-01
-5.904309282144843962e-01
-3.688164739137688830e+00
-5.904309282144843962e-01
2.911583397015646280e-02
-9.002043093068048396e-01
1.577982739431758707e+00
2.911583397015646280e-02
-9.002043093068048396e-01
6.486625961547972663e-01
1.268209358339438264e+00
-9.002043093068048396e-01
2.197529501616399372e+00
-3.688164739137688830e+00
1.268209358339438264e+00
-3.688164739137688830e+00
-3.688164739137688830e+00
9.584359772471177097e-01
-2.806575471221639528e-01
-5.904309282144843962e-01
-5.904309282144843962e-01
1.268209358339438264e+00
-9.002043093068048396e-01
-5.904309282144843962e-01
-2.806575471221639528e-01
